F%HEADER
File created by Mesh Generator

%HEADER.ANALYSIS
'SOLID'

%PROBLEM.SIZES
27 8  1  2  3  8  6  9  1  3  3  3

%NODE
27

%NODE.COORD
27
 1 0.00 0.00 0.00
 2 1.00 0.00 0.00
 3 2.00 0.00 0.00
 4 0.00 1.00 0.00
 5 1.00 1.00 0.00
 6 2.00 1.00 0.00
 7 0.00 2.00 0.00
 8 1.00 2.00 0.00
 9 2.00 2.00 0.00
 10 0.00 0.00 1.00
 11 1.00 0.00 1.00
 12 2.00 0.00 1.00
 13 0.00 1.00 1.00
 14 1.00 1.00 1.00
 15 2.00 1.00 1.00
 16 0.00 2.00 1.00
 17 1.00 2.00 1.00
 18 2.00 2.00 1.00
 19 0.00 0.00 2.00
 20 1.00 0.00 2.00
 21 2.00 0.00 2.00
 22 0.00 1.00 2.00
 23 1.00 1.00 2.00
 24 2.00 1.00 2.00
 25 0.00 2.00 2.00
 26 1.00 2.00 2.00
 27 2.00 2.00 2.00

%NODE.SUPPORT
9
1	1	1	1	0	0	0
2	1	1	1	0	0	0
3	1	1	1	0	0	0
4	1	1	1	0	0	0
5	1	1	1	0	0	0
6	1	1	1	0	0	0
7	1	1	1	0	0	0
8	1	1	1	0	0	0
9	1	1	1	0	0	0

%NODE.DIRECTION
3 3 3

%INTEGRATION.ORDER
1
1    2    2    2    2    2    2

%MATERIAL
1

%MATERIAL.LABEL
1
1       'Mat1'

%MATERIAL.ISOTROPIC
1
1	3000.	0.3

%ELEMENT
8

%ELEMENT.BRICK8
8
 1 1 1 1 2 5 4 10 11 14 13
 2 1 1 2 3 6 5 11 12 15 14
 3 1 1 4 5 8 7 13 14 17 16
 4 1 1 5 6 9 8 14 15 18 17
 5 1 1 10 11 14 13 19 20 23 22
 6 1 1 11 12 15 14 20 21 24 23
 7 1 1 13 14 17 16 22 23 26 25
 8 1 1 14 15 18 17 23 24 27 26

%%LOAD
1
1	'Load_Case_1'

%LOAD.CASE
1

%LOAD.CASE.NODAL.FORCE
4
7790 0. 0. -1000. 0. 0. 0.
7791 0. 0. -1000. 0. 0. 0.
7810 0. 0. -1000. 0. 0. 0.
7811 0. 0. -1000. 0. 0. 0.

%END
